%% Config File
chiefOE = [7000e3, 0.001, deg2rad(59), deg2rad(84), deg2rad(188), deg2rad(180.1)];
aROE = [0, 100, 50, 100, 30, 200];

deputyOE = [36943e3, 0.81111, deg2rad(59.005), deg2rad(84), deg2rad(188), deg2rad(180.1)];
J2_flag = 1;

loadSimConfig;